8 0.236225 0.828125 0.134818 0.107813
8 0.300117 0.580469 0.100821 0.075000
8 0.342907 0.447266 0.078546 0.057031
8 0.365768 0.362891 0.065651 0.049219
8 0.387456 0.306641 0.055100 0.039844
8 0.398593 0.262109 0.049238 0.032031
8 0.403283 0.228516 0.042204 0.030469
8 0.421454 0.202734 0.036342 0.025781
8 0.427902 0.181250 0.035170 0.021875
8 0.443142 0.164844 0.028136 0.023438
8 0.460727 0.150000 0.028136 0.017188
8 0.464244 0.133594 0.021102 0.015625
8 0.477140 0.123438 0.023447 0.015625
8 0.488863 0.112891 0.018757 0.014844
8 0.502931 0.105859 0.018757 0.013281
8 0.511137 0.097656 0.016413 0.014063
8 0.523447 0.091406 0.017585 0.012500
8 0.531067 0.082812 0.016413 0.009375
8 0.543962 0.077344 0.011723 0.010937
8 0.558617 0.073438 0.015240 0.007812
8 0.567995 0.066016 0.015240 0.010156
8 0.583822 0.063672 0.014068 0.010156
8 0.596131 0.058984 0.012896 0.010156
8 0.610199 0.055859 0.010551 0.010156
8 0.624853 0.051953 0.014068 0.007031
8 0.651231 0.046875 0.010551 0.006250
8 0.670574 0.041797 0.009379 0.005469
8 0.679953 0.039062 0.011723 0.007812
