8 0.042578 0.516146 0.061719 0.817708
8 0.098437 0.713021 0.059375 0.442708
8 0.183203 0.292708 0.086719 0.368750
8 0.159766 0.840625 0.063281 0.200000
8 0.378906 0.878125 0.076563 0.164583
8 0.273828 0.242708 0.078906 0.335417
8 0.356641 0.360938 0.080469 0.453125
8 0.308594 0.811979 0.065625 0.186458
8 0.230469 0.706771 0.081250 0.317708
8 0.267578 0.895312 0.057031 0.171875
8 0.476562 0.754687 0.079687 0.328125
8 0.431250 0.298438 0.065625 0.282292
8 0.501172 0.311979 0.072656 0.446875
8 0.550391 0.816667 0.066406 0.366667
8 0.587109 0.348438 0.072656 0.321875
8 0.638672 0.095833 0.083594 0.189583
8 0.676562 0.413021 0.068750 0.436458
8 0.626172 0.792708 0.067969 0.410417
8 0.719141 0.810417 0.067969 0.368750
8 0.775000 0.505208 0.068750 0.197917
8 0.841406 0.359375 0.062500 0.262500
8 0.778516 0.819792 0.077344 0.354167
8 0.848828 0.829688 0.096094 0.332292
8 0.924609 0.830208 0.088281 0.212500
8 0.912891 0.440104 0.083594 0.457292
8 0.976562 0.487500 0.046875 0.447917
