7 0.158594 0.460141 0.039062 0.186401
7 0.106250 0.468347 0.039062 0.165299
7 0.055859 0.484760 0.042969 0.132474
7 0.284766 0.480657 0.028906 0.140680
7 0.312891 0.480070 0.025781 0.146542
7 0.340625 0.485932 0.026562 0.137163
7 0.374609 0.476553 0.030469 0.153576
7 0.473438 0.466589 0.023438 0.175850
7 0.442578 0.478312 0.033594 0.161782
7 0.410938 0.483001 0.023438 0.147714
7 0.556641 0.451934 0.030469 0.195780
7 0.503906 0.474795 0.020313 0.159437
7 0.250781 0.481829 0.037500 0.150059
7 0.192578 0.472450 0.033594 0.154748
7 0.818359 0.470106 0.024219 0.098476
7 0.755469 0.459555 0.021875 0.121923
7 0.910937 0.469519 0.020313 0.118406
7 0.982031 0.473036 0.018750 0.116061
