5 0.942578 0.123681 0.066406 0.245018
5 0.891016 0.176436 0.082031 0.237984
5 0.845313 0.239156 0.093750 0.255569
5 0.805469 0.305979 0.096875 0.246190
5 0.760156 0.352872 0.062500 0.248535
5 0.709375 0.377491 0.060937 0.279015
5 0.648828 0.417351 0.064844 0.290739
5 0.600781 0.456038 0.084375 0.271981
5 0.546484 0.503517 0.108594 0.256741
5 0.493359 0.551583 0.105469 0.256741
5 0.447266 0.582063 0.124219 0.249707
5 0.394922 0.626026 0.099219 0.257913
5 0.346484 0.682298 0.086719 0.276671
5 0.290625 0.715709 0.068750 0.280188
5 0.232422 0.752052 0.058594 0.287222
5 0.176953 0.791325 0.063281 0.271981
5 0.130078 0.824736 0.061719 0.242673
5 0.080078 0.858148 0.089844 0.269637
5 0.258594 0.947245 0.279687 0.105510
5 0.024609 0.893318 0.047656 0.213365
