8 0.174528 0.701835 0.126415 0.252294
8 0.197170 0.411697 0.084906 0.149083
8 0.247170 0.355505 0.098113 0.055046
8 0.282075 0.410550 0.100000 0.068807
8 0.353774 0.443807 0.107547 0.185780
8 0.604717 0.279817 0.077358 0.128440
8 0.639623 0.266055 0.094340 0.041284
8 0.658491 0.176606 0.060377 0.096330
8 0.797170 0.134174 0.054717 0.089450
8 0.721698 0.036697 0.032075 0.050459
8 0.457547 0.251147 0.084906 0.038991
8 0.359434 0.235092 0.096226 0.034404
8 0.414151 0.199541 0.066038 0.032110
8 0.456604 0.172018 0.071698 0.055046
8 0.366981 0.158257 0.062264 0.045872
8 0.621698 0.131881 0.050943 0.043578
8 0.581132 0.129587 0.052830 0.034404
8 0.502830 0.120413 0.050943 0.029817
7 0.133019 0.108945 0.262264 0.213303
7 0.315094 0.057339 0.249057 0.110092
