7 0.154688 0.365972 0.045312 0.118056
7 0.201563 0.476389 0.062500 0.161111
7 0.358984 0.501389 0.053906 0.172222
7 0.237500 0.442361 0.051562 0.120833
7 0.266406 0.379861 0.040625 0.104167
7 0.366016 0.363889 0.038281 0.088889
7 0.386328 0.493750 0.055469 0.148611
7 0.493359 0.406944 0.044531 0.111111
7 0.460156 0.370833 0.034375 0.094444
7 0.563672 0.337500 0.032031 0.080556
7 0.621875 0.466667 0.064062 0.155556
7 0.637891 0.322222 0.036719 0.091667
7 0.740234 0.330556 0.038281 0.088889
7 0.803906 0.369444 0.040625 0.091667
7 0.852344 0.306944 0.026562 0.066667
7 0.831250 0.438194 0.076563 0.162500
