7 0.272266 0.367526 0.039844 0.123095
7 0.335938 0.393318 0.021875 0.064478
7 0.311328 0.386284 0.019531 0.080891
7 0.366016 0.384525 0.022656 0.077374
7 0.406641 0.392145 0.022656 0.062134
7 0.453516 0.393318 0.021094 0.064478
7 0.478516 0.396249 0.022656 0.058617
7 0.526563 0.389801 0.053125 0.071512
7 0.582031 0.350528 0.060937 0.157093
7 0.633203 0.387456 0.019531 0.066823
7 0.660547 0.387456 0.028906 0.066823
7 0.729297 0.395662 0.021094 0.059789
7 0.749219 0.387456 0.026562 0.059789
7 0.022656 0.392732 0.035937 0.065651
