8 0.305469 0.737239 0.053125 0.068445
8 0.444922 0.660673 0.049219 0.061485
8 0.440234 0.604988 0.044531 0.045244
8 0.382812 0.564385 0.037500 0.047564
8 0.353125 0.529002 0.034375 0.039443
8 0.293750 0.506381 0.029687 0.040603
8 0.285938 0.477958 0.029687 0.030162
8 0.237500 0.458817 0.026562 0.033643
8 0.228906 0.438515 0.023438 0.025522
8 0.258203 0.425174 0.024219 0.024362
8 0.274609 0.410673 0.017969 0.025522
8 0.299609 0.401392 0.019531 0.025522
8 0.337891 0.391531 0.016406 0.024362
8 0.397656 0.386311 0.015625 0.023202
8 0.453516 0.378770 0.019531 0.022042
8 0.524219 0.374130 0.014063 0.024362
8 0.573828 0.368329 0.013281 0.022042
8 0.648828 0.361949 0.014844 0.025522
8 0.733203 0.358469 0.014844 0.023202
8 0.793359 0.353828 0.010156 0.016241
8 0.861719 0.349768 0.010937 0.019722
8 0.920703 0.310325 0.038281 0.091647
