7 0.194922 0.486979 0.103906 0.153125
7 0.423828 0.422917 0.141406 0.139583
7 0.294141 0.347396 0.088281 0.115625
7 0.144531 0.301563 0.131250 0.126042
7 0.659375 0.272917 0.070312 0.093750
7 0.671094 0.501042 0.156250 0.175000
7 0.841016 0.497396 0.133594 0.146875
7 0.330078 0.612500 0.110156 0.160417
7 0.208203 0.653646 0.083594 0.092708
7 0.124219 0.753646 0.103125 0.146875
7 0.322266 0.894792 0.117969 0.185417
7 0.627734 0.805729 0.114844 0.165625
7 0.905859 0.908854 0.128906 0.182292
7 0.772266 0.933854 0.102344 0.132292
