4 0.700391 0.844792 0.142969 0.070833
4 0.047266 0.748437 0.092969 0.051042
4 0.931641 0.792188 0.091406 0.059375
4 0.805469 0.670833 0.081250 0.050000
4 0.907031 0.619271 0.131250 0.065625
4 0.489844 0.459896 0.064062 0.028125
4 0.659766 0.645833 0.069531 0.083333
4 0.775781 0.429167 0.060937 0.029167
4 0.857812 0.532813 0.078125 0.046875
4 0.753906 0.568750 0.115625 0.047917
4 0.168750 0.931250 0.154688 0.112500
4 0.028125 0.490104 0.054688 0.032292
4 0.403125 0.421354 0.042188 0.026042
4 0.371484 0.416667 0.036719 0.029167
4 0.384375 0.488542 0.062500 0.035417
4 0.264453 0.421354 0.047656 0.032292
4 0.667969 0.413542 0.062500 0.018750
5 0.642578 0.755208 0.213281 0.033333
4 0.734375 0.671354 0.068750 0.030208
4 0.963281 0.693750 0.073438 0.025000
4 0.732422 0.608854 0.039844 0.038542
