4 0.686328 0.837500 0.208594 0.081250
4 0.860547 0.720313 0.114844 0.119792
4 0.107422 0.559896 0.111719 0.071875
4 0.202734 0.557813 0.075781 0.061458
4 0.305078 0.460417 0.185156 0.056250
4 0.585938 0.403125 0.148438 0.056250
4 0.525391 0.268229 0.103906 0.053125
4 0.387500 0.131250 0.095312 0.031250
4 0.287891 0.165625 0.092969 0.043750
4 0.196094 0.168750 0.057813 0.039583
4 0.120703 0.406771 0.089844 0.061458
4 0.606250 0.639062 0.135937 0.067708
4 0.920703 0.533854 0.149219 0.092708
4 0.880469 0.228125 0.078125 0.045833
4 0.675391 0.294271 0.100781 0.030208
4 0.408203 0.255208 0.080469 0.041667
